-3.239012677187158573e-02
-1.631501373303982705e+00
-1.467156457456731955e+00
-6.220205416633382001e-01
-7.361094138532555675e-01
2.979445380927895570e+00
-5.508167980008176201e-01
1.631363969038281070e+00
1.563220128053306013e+00
-1.139943907888007812e+00
-9.207527726238158294e-01
-8.894110950206255417e-01
-2.127198861023070098e+00
2.835988108304701605e+00
2.455070627954940576e+00
3.597426223327504502e-01
-1.118455521019772414e+00
2.329200225143329028e+00
1.047438394933584149e+00
-6.534753141686300282e-01
4.310474347785930860e-02
1.446210159846836873e-01
2.568005566899314474e+00
4.282384142335597943e-01
1.010025412660080057e+00
-2.686447853360944382e+00
-1.037656175621912480e+00
-2.661590164971039396e+00
-1.921033835617275587e+00
2.555599035006255626e+00
2.628091337654351989e+00
1.284556244604562636e+00
1.396125653439099779e+00
-2.295139424134071682e-01
2.587975605635689291e+00
-5.614785399551549538e-01
1.099234623164070612e+00
8.994952085343732584e-01
5.925910719766926960e-01
-1.667763647521945058e+00
1.094143014818272697e+00
2.268337815614076547e+00
1.780303579686410842e+00
-4.079865132115143567e-01
2.507269314950338668e+00
1.691002066360535849e+00
1.354501670095630494e+00
-2.250871839062443591e+00
2.497850696117468239e+00
-6.737340376182228141e-01
-1.230422726837830050e+00
7.003884883350854906e-01
-1.929226261122929387e-01
-1.467966513932619899e+00
2.033975332225067767e+00
-1.928284785841929416e+00
-1.637314975818653373e+00
9.592586762058390448e-01
-1.253025297422825091e-01
-2.559315945973782647e+00
-2.166239572382322898e+00
-2.326156898169292386e+00
-1.332902074897228673e-01
2.417773756225312098e-01
2.748426294621388877e+00
5.027538685407755281e-01
1.599845465094498209e-01
2.533576133067928282e+00
2.515542098686494477e+00
-1.487946811450846951e+00
1.095795664296923100e+00
2.785656711610415392e+00
-1.638230117851530832e+00
1.296103191211608774e+00
1.786560644950546894e+00
2.620507197886264628e+00
2.122334974712474676e+00
-4.707251597866242143e-01
-2.967360786835075537e+00
-2.790808027311557638e+00
-2.916567805900800003e+00
5.334595827746966279e-01
-7.020414223589170888e-01
-2.311086302000954884e+00
2.186724053328370942e+00
1.929942187799637665e+00
1.424950109449250490e+00
2.042065020875787340e+00
-5.908253791941531219e-01
1.491720007645525925e+00
3.577766712565573215e-01
6.794254438255862283e-01
-1.211390091278198744e+00
6.142750409089416941e-01
-4.459389623418097415e-01
2.312663090095972152e-01
-7.962085709475186235e-02
-6.501714906068656319e-04
2.504756895330084276e+00
-1.422737869604610683e+00
-2.701813883074898559e+00
-2.238478233999439126e-01
-5.506858639487917095e-01
-7.773911599398264372e-02
-2.576905329749983320e+00
4.926516669935097070e-01
2.922130790134652045e+00
-1.745469264014124500e+00
-1.725743291251232936e+00
2.766810297042416877e+00
1.241724450727259565e+00
5.578092789370048266e-01
-7.148855575944121910e-01
8.324429784102576058e-01
1.457141470948819517e-02
-2.461241551822475060e+00
-1.216951998420110925e+00
1.968865404965484345e+00
-1.947264205858287411e+00
2.426936743418460551e+00
5.298889747071466871e-01
-2.900793259247532951e+00
-7.798669393140702510e-01
-2.747222982400788993e+00
-2.236316694921961279e+00
-1.924390644377688364e+00
-2.001248488983865315e+00
2.302130979624310569e+00
2.435712285610052596e+00
-1.587594128617431544e+00
-5.564404533777902451e-01
-1.730390556277452418e-01
1.981404106386859709e+00
-1.247954267588011756e+00
-1.957028809203339881e+00
-2.511413492362297717e-01
2.414574978342192146e+00
5.696215484045805688e-01
-5.243200000724010934e-01
-5.660943775148594703e-01
-1.149095004917335183e+00
-1.092727614579498630e+00
-5.094839045419301549e-01
8.290024177407024908e-01
1.771617103724226538e+00
-2.777799521232726665e+00
1.407246585157636787e+00
1.635425176620421084e+00
-1.533452838144533370e+00
2.910461156695006935e+00
