2.216908536201258606e+00
2.298782499799000512e+00
1.949930283632689498e+00
1.916964089933696602e+00
1.739864010439275077e+00
1.347130466185713082e+00
1.738840205362698565e+00
1.787681360031906586e+00
1.612410858495423094e+00
2.269762181545378343e+00
2.463952928496394801e+00
2.850488066511280838e+00
2.224905061245213478e+00
1.172715621732189684e+00
2.107934462318157287e+00
1.907240974946313283e+00
2.374994770076312101e+00
1.344029780417883790e+00
1.711305518223876110e+00
2.130275280935051363e+00
1.717601637778374490e+00
2.360742296346898250e+00
2.169500753029458107e+00
2.046134187826728734e+00
1.706773265009949858e+00
2.120480046837523780e+00
2.031869099983932614e+00
2.217711932657055574e+00
2.026293856816292038e+00
1.878684241831479973e+00
1.418095400285516838e+00
1.816390898176218904e+00
2.281421234966224620e+00
1.765615584249605075e+00
1.676980571381882168e+00
1.903522479169931669e+00
1.962027360837597767e+00
1.723280114324347467e+00
1.362708650862426651e+00
2.002800930509637478e+00
1.613123863032326133e+00
1.982002649073112632e+00
1.709734657248594969e+00
2.048955170412993798e+00
1.689559663130331790e+00
1.766919998198823061e+00
1.451561517348458619e+00
1.835187664311706435e+00
1.260520558657267420e+00
1.782406434647534121e+00
1.674837989045551812e+00
1.959081241588492173e+00
2.797961775136898588e+00
2.054628798058390604e+00
9.054613475887122176e-01
2.246801472833004798e+00
1.817320821816229337e+00
2.103564257757583267e+00
2.030103492933264864e+00
1.903472864108666673e+00
2.488451988700959294e+00
2.228496681930858259e+00
1.973531305456436069e+00
1.812073461520776974e+00
2.470090028691888318e+00
1.913788740782762954e+00
2.004631098168592640e+00
1.702601259007882506e+00
1.406429484701101629e+00
2.166620525049435475e+00
1.837423857761037782e+00
2.183299205327237758e+00
1.915107523049682792e+00
2.249093381811085646e+00
1.606496371603274298e+00
-4.874141936893687799e-01
2.839876224516257874e-03
-1.494872185602134640e-01
-9.419421713951098285e-02
-2.081487321210506725e-02
-2.756966876256798926e-01
-1.996310435259365801e-02
2.390921041470275843e-02
7.376252054769075195e-02
-2.861928237230429994e-01
-2.701503883963566333e-01
-5.963166723165356231e-01
-5.478742399476668190e-01
-3.497934339484243260e-02
-1.200958747953378980e-01
-3.119391677996267709e-01
-2.576145578171588069e-01
-1.842740043025581365e-01
2.824267013735358711e-01
8.473870968932714631e-02
-9.595041351564712051e-02
-4.294588826848263485e-01
-2.396586575317340151e-01
3.066944568553340300e-01
3.554578423130616560e-01
1.601859787234946320e-01
1.999845529723211779e-01
-2.526426893343042268e-02
-6.036623139493729751e-01
2.626974261149273016e-03
-4.985980759062598189e-01
-5.081636037446409793e-01
2.920006591872803536e-03
4.773085715208005841e-02
2.174092086359799281e-01
-5.408110954580233609e-02
1.338713951192151141e-01
-3.884701501820679859e-01
-6.716739284090659234e-01
-3.812690833335852236e-02
-3.053260543839571017e-01
-7.731619340868045587e-01
-5.389428311628061685e-01
2.711460068170606919e-01
-6.100265610240292180e-02
-2.141987664036403560e-01
-4.399574446055665167e-02
6.168682665902663897e-02
-4.616851106210241307e-01
-3.491083457593668893e-01
-5.957871414757148765e-01
-2.411533345968302766e-01
-6.197334809395977917e-01
-5.152963003611506221e-02
1.706313429369633872e-01
-2.256875404160869347e-01
-4.307194292922366108e-01
-2.390565237562715384e-01
-4.437939475789423605e-02
-2.869824229896972279e-01
-3.333253350394168590e-01
-2.494521943087248950e-01
3.784909984708956232e-02
-3.163278047642956725e-01
-4.193529305023755427e-01
-7.083280841573028619e-01
3.878424699331238790e-01
1.012493993016616300e-01
4.939572614642154802e-01
1.024419600000090746e-01
6.715895730403875774e-03
-2.883365928823666269e-01
2.373513986341005411e-02
-3.012780005385292670e-01
4.019766372260394349e-02
