9.629757019021056852e-01
-1.283058026717209366e+00
-9.850967385157427536e-01
5.597264847028426971e-02
1.752387289555512595e-01
1.665445671529266702e+00
4.767412321733583980e-01
1.800039559730975736e+00
1.787308214953131857e+00
-5.579035212627982965e-01
-1.873871575326642169e-01
-5.258051316242218221e-02
-1.955322857408548387e+00
1.649084979047388932e+00
1.626702432229998996e+00
1.278397473512072891e+00
-4.368446167722408457e-01
1.633922740572106180e+00
1.551228882276970422e+00
2.524135600242536359e-01
1.015978212001241499e+00
1.148944679819559500e+00
1.585948775504516739e+00
1.071754308831926572e+00
1.505923881738793435e+00
-2.827804156063929319e+00
-2.877839249242137853e-01
-3.004275547031892479e+00
-1.681534986433677270e+00
1.745591825916387174e+00
1.497697829808616099e+00
1.452678938884639503e+00
1.513530607544311568e+00
6.588715015863200186e-01
1.844869254577631068e+00
2.793621974110875872e-01
1.666627729358928889e+00
1.602813998916343463e+00
1.476628564597773918e+00
-1.248214028194022607e+00
1.500690081923402142e+00
1.590551987182603044e+00
1.523552787280346266e+00
4.833392154779743155e-01
1.546405035730647359e+00
1.636706283979201704e+00
1.555344151992555268e+00
-2.200251944634329160e+00
1.771934665204771386e+00
4.916971905754288219e-01
