1.998793687367583560e+00
2.140509563337934296e+00
2.147101446610304443e+00
1.820660591614949864e+00
2.105765150707318067e+00
1.555639708641313401e+00
2.141704388292378969e+00
1.958254052394709177e+00
1.956763708970473026e+00
2.011815645519447138e+00
2.026117266351085799e+00
2.111703160973283033e+00
2.352542344644727113e+00
1.591947928429293002e+00
1.667301279735080577e+00
1.959747788010692826e+00
2.097100425329211149e+00
1.696726675278010799e+00
1.852212746026892898e+00
2.062094521085751975e+00
1.975277595338936543e+00
2.011585383060191301e+00
1.602974761404722059e+00
1.701998619982886707e+00
1.820693093339531332e+00
2.420040541674292278e+00
2.113228417312790430e+00
2.204288597967904551e+00
2.260146377811652840e+00
1.765401028568218678e+00
1.500504039672600598e+00
1.681063562381580612e+00
1.715435318544932253e+00
1.912963488713273819e+00
1.857307535347155092e+00
1.959066956386916747e+00
1.949637206894157870e+00
1.962460382129466385e+00
1.996879372787838447e+00
2.240085398652244209e+00
1.785410698631248794e+00
1.662861613790166837e+00
1.660078830441737985e+00
1.957518693752005934e+00
1.576587370835406565e+00
1.785825360425496999e+00
1.766625082738741748e+00
2.323782044235931377e+00
1.804054940291455855e+00
2.330653981246845419e+00
-1.803315987942235576e-01
-3.242619549099076126e-01
-2.839390306249170437e-02
-1.825970657540310071e-01
-8.827072335038650686e-02
-2.882733971464001010e-01
-2.192548941364753090e-01
-1.504697111120090747e-01
-2.590034230956310690e-01
-4.039335888500553140e-02
-3.166183702709213232e-03
-1.334453367980253935e-01
-2.223245194691799986e-01
-2.384419782775314411e-01
-1.992793073229353618e-01
-2.049956126547747282e-01
-2.379451242119557663e-01
-1.006219595975792747e-01
-2.511310608358964247e-01
-1.743465237494035702e-01
-1.468768611796258949e-02
-2.543578861840236627e-01
-1.665074926378855291e-01
-2.222207794414875481e-01
-1.335227704222977652e-01
-2.214276615362852640e-01
-3.544058217134955502e-01
-2.352231751435351348e-01
-2.500360867051299452e-01
-7.815170799170925720e-02
-1.892424650968679012e-01
-1.673477145794818599e-01
-1.656772241669586254e-01
-1.739015811687033009e-01
-2.930419246298625602e-01
-3.153904385236996899e-01
-3.090827014426830166e-01
-2.672701066849146878e-01
-3.263216172697256390e-01
-1.511233991232073248e-01
9.128214895762079562e-02
-2.096223387277290073e-01
-4.467639119610514742e-01
-1.647447084657454597e-01
-2.957811833870341856e-01
-9.217613590556232583e-02
-1.618531077615068259e-01
-3.054805430460187932e-01
-9.410931928227704579e-02
-1.874243101134343281e-01
