9.894259214145739723e-01
-1.945508088363956112e-01
-3.455472422235685015e-03
5.123579399449353922e-01
7.054877349354854443e-01
-1.044920721904335492e+00
8.857924044611850123e-01
1.724030547125688373e-01
2.304585445063310201e-01
2.216493861837707802e-01
4.584172851673207760e-01
5.738768296295149174e-01
-5.002365652121886219e-01
-9.835471661193503357e-01
-7.524957385855892689e-01
9.632602684290509920e-01
3.296478146542188292e-01
-6.468135079782443286e-01
5.429507000916684589e-01
7.293923308881617995e-01
9.802823008805202631e-01
1.026939205109122399e+00
-8.754948486016854714e-01
6.923232693979282093e-01
5.373566775877222090e-01
-8.428083626995384048e-01
4.295684706736881964e-01
-1.045847137763616930e+00
-3.886870704897087414e-01
-7.071053885430096386e-01
-1.005084264588770315e+00
1.911321678863220075e-01
1.329603778244297652e-01
8.395189982344364310e-01
-6.305017267304787731e-01
6.955673317619694984e-01
6.031985983591128253e-01
7.507326077271390119e-01
9.378792660377396340e-01
-1.353628701930824074e-01
4.426898614163787271e-01
-6.401078025362866297e-01
-2.556497595556010971e-01
7.940767043475621678e-01
-8.715379638552935848e-01
-5.218869271919806402e-02
2.191012633696737266e-01
-6.398533514688976576e-01
-6.391095922847082056e-01
9.818434475386917937e-01
-2.013664932127556817e+00
-2.157595288243240983e+00
-1.861727236395825047e+00
-2.015930399087364489e+00
-1.921604056683719808e+00
-2.121606730479733471e+00
-2.052588227469808846e+00
-1.983803044445342501e+00
-2.092336756428964328e+00
-1.873726692218338874e+00
-1.836499517036042528e+00
-1.966778670131358764e+00
-2.055657852802513119e+00
-2.071775311610864811e+00
-2.032612640656268788e+00
-2.038328945988108210e+00
-2.071278457545289164e+00
-1.933955292930912506e+00
-2.084464394169229795e+00
-2.007679857082736774e+00
-1.848021019451295821e+00
-2.087691219517357144e+00
-1.999840825971218816e+00
-2.055554112774820918e+00
-1.966856103755631135e+00
-2.054760994869618607e+00
-2.187739155046828810e+00
-2.068556508476868672e+00
-2.083369420038463371e+00
-1.911485041325042600e+00
-2.022575798430201299e+00
-2.000681047912815202e+00
-1.999010557500291885e+00
-2.007234914502036727e+00
-2.126375257963196042e+00
-2.148723771857032894e+00
-2.142416034776016609e+00
-2.100603440018248058e+00
-2.159654950603059120e+00
-1.984456732456540751e+00
-1.742051184375712491e+00
-2.042955672061062433e+00
-2.280097245294384845e+00
-1.998078041799078886e+00
-2.129114516720367334e+00
-1.925509469238895655e+00
-1.995186441094840113e+00
-2.138813876379352052e+00
-1.927442652615610319e+00
-2.020757643446767560e+00
