1.489967474211998377e+00
5.765264510361095551e-01
7.375336426982004312e-01
1.074323099856399732e+00
1.288663240499931195e+00
-3.174254792439799577e-01
1.435755230507373081e+00
9.405695855324078813e-01
9.846247749087104761e-01
8.920497353105414362e-01
1.079906819653849270e+00
1.188595399354765769e+00
3.173428601106768054e-01
-2.142384445398628490e-01
8.081024226754857098e-02
1.478611954901447811e+00
9.952016507442362769e-01
1.929225529526654992e-01
1.178363553165650890e+00
1.296976321831445622e+00
1.480057592436359037e+00
1.528427166498989465e+00
-5.405586357824543331e-02
1.214888963637293706e+00
1.164236037855393091e+00
-8.909761159647555662e-02
1.076929554760713170e+00
-2.862837428893598712e-01
4.193265432473858301e-01
1.159259634111739212e-01
-1.923782849033432996e-01
8.822154017141713434e-01
8.500925630117285303e-01
1.350133120264159547e+00
1.882229165478906396e-01
1.247260980707049827e+00
1.250598876722203379e+00
1.353234658471032636e+00
1.482802671283863338e+00
6.415890114075982753e-01
1.088904236241508228e+00
2.002704741708723202e-01
5.399664708750044895e-01
1.323327976487569613e+00
-4.298606006130206714e-02
7.275378953454222364e-01
9.265927602461966339e-01
1.754745879177067036e-01
1.903924184402143172e-01
1.553142221923948130e+00
