-5.387185317773264259e-01
-8.575225150396874607e-01
-2.575336248014661322e-01
6.202545015134688366e-01
1.674075545591211744e+00
-1.269819591802882952e+00
-3.601711344294524220e-01
3.721225454055753779e-01
-1.103522131261226225e+00
6.020222707537133955e-01
-6.950566454073361378e-01
2.491786578863352530e-01
4.477468541694920590e-02
1.402468668050742828e-01
-1.640752906773998154e-01
-8.627582993970102088e-01
-2.457453875483793515e-01
-7.823431943113382525e-01
8.413955539175112242e-02
-1.691967928776808572e+00
8.295124843972414563e-01
-1.030608212892494935e+00
-1.004716352526095369e+00
-1.698401491161913412e+00
-1.158807305909411028e-01
9.800741280019827917e-01
7.594713311328743499e-01
1.194350602463246425e+00
4.623855507238043838e-01
9.576323673771823530e-02
8.548287563126676369e-01
-3.727614164368673322e-01
4.490217306938231179e-01
1.342179284255024863e+00
1.817782608714339609e+00
1.013984630749689364e+00
1.611457293993348694e+00
-8.391524418120598072e-02
-1.450645373250774861e-01
4.772343031111985212e-01
6.189489243944267249e-01
2.643946916307119421e-01
1.188316753984643981e+00
-2.395572013391798372e+00
1.488218392078015206e+00
1.826473785690497786e-01
9.865978168979976370e-01
3.569390670056429848e-01
3.753055510561212338e-01
-1.325735926515057006e-01
-3.791788201303402522e-02
-7.826877469913320340e-01
1.397337976617335942e+00
1.489607009768882384e-01
-3.392699967708145969e-02
-6.236190082778158006e-01
-1.260827805654140654e+00
-5.635056711961434761e-01
8.794856905576622363e-01
-1.219855533800418002e+00
-4.931407414409451628e-01
-1.068567708467883071e+00
1.105575136158065241e+00
-1.547305390917529166e+00
-3.638253780221470390e-02
3.151111682216667931e-01
-1.130475287139340868e+00
-1.983636497648969099e+00
-8.470162530448537286e-01
-7.226207335061185510e-01
-1.664053715137357170e-01
-1.586551760847848547e+00
-4.628408855962688473e-01
1.156688930108263902e+00
6.092822662823638158e-01
-1.635586618009161164e+00
4.102038558737830867e-03
7.566218577281785818e-01
8.857748576048972700e-01
4.024690934884473936e-01
2.200966437641787454e+00
-2.350822298090138041e-01
5.914530866303223666e-01
8.370817753728032606e-01
2.073295673901220104e-01
-2.176608634653001584e+00
3.967259930916324229e-01
-6.143048463375361257e-01
7.328300892672913458e-02
8.042673576917391820e-01
8.843676034925432861e-01
2.695724234188761614e-01
-2.902458086124640180e-01
-2.552804540442848436e-01
3.494764086673661785e-01
5.031891816364889580e-01
1.269691281673293037e+00
1.639042526784320608e-01
3.233899297216651370e-01
2.447980885459856149e-01
-1.006568561796008954e+00
2.822736729911986750e-02
9.577112396876865663e-01
-7.418248387704077240e-01
-1.941299681022427892e+00
2.319127317627480700e+00
1.102269677579819328e-02
1.929359841691264954e-01
1.412064304423644057e+00
7.552999579521749718e-01
-8.355085039702512262e-01
3.086676731877937563e-01
1.603991629425587651e-01
2.609652813670179650e-02
4.024911987938254582e-03
2.098391418717432400e-01
6.431939975401219922e-02
-5.844551566253679553e-01
1.163723700168368902e+00
-1.148812264407860440e+00
2.796053921800109587e-01
-6.862156148791144217e-01
-5.560473416413030945e-01
5.042714771134602092e-01
2.580759150650769468e-02
-9.697056728048000229e-01
-1.261589738999732591e+00
-4.714000829636880718e-01
-9.535324176164734489e-01
-7.293992224712513295e-01
-1.515075679350028626e+00
6.880147074223333381e-02
-1.442298882614619249e+00
1.085227073656096053e+00
2.261263492494486049e-01
-5.359450172309792454e-02
6.879047256615244965e-01
5.405407131012635036e-01
1.008282966705223993e+00
1.894198422893930700e-01
-4.014728193717206906e-01
-1.608850362838116776e+00
1.344806510628230312e+00
5.479439268406656183e-01
5.342249622671236819e-01
-3.642780862496787231e-01
-1.712927975850413176e-01
-3.232012324730051400e-01
-8.911869221286801146e-01
-5.749176640524460424e-01
1.158051571697563453e+00
-1.386822534611141355e+00
5.880405938088610895e-01
1.214782650080172610e+00
1.079730677795707194e+00
-5.761168608745450559e-01
2.679910307979315398e+00
-1.024752967045283736e+00
-1.357697560038817031e+00
-6.720234364683459471e-01
-2.017718652674416635e+00
8.152206814284187475e-01
4.361852965327390197e-01
4.383652391696916117e-01
1.217181559143887037e+00
-9.407097749928372554e-01
2.278173638452077876e-01
-2.399562988289047905e-01
1.173732413422803544e+00
7.946852743367756045e-01
1.972722238455263122e-01
1.902304041632003395e+00
6.164509224048732028e-01
-1.203653491594255831e+00
1.058120827957553939e-01
1.862951667320955629e+00
2.878104342947283567e-01
-1.658604706573294729e+00
-2.860020076596541116e-01
4.850026281472799572e-01
2.104507283793866368e-01
-8.834609870937455423e-01
-9.837281240335170596e-01
-1.664006927184609741e-01
8.925640315154955706e-01
2.393392664312400109e-01
1.101136203144324588e+00
-8.223675978306648204e-01
4.116024120628427041e-01
6.536623143299182814e-01
1.883312145816689320e-01
6.641456069283278030e-01
7.305074471395301972e-01
-1.533068718290182320e+00
-3.631862014271690642e-01
-2.192602640029987782e-01
-2.665018650299711411e-01
4.125327156615774538e-01
5.039269012103529954e-01
-9.701978229762424633e-01
-1.079697383958848622e+00
1.134973173081905706e+00
-7.393567385086720067e-01
6.031990502305918378e-01
-3.488819182174932032e-01
5.107144113978627775e-01
5.466648375345344313e-01
1.383232229535518387e+00
1.255173731709571472e+00
2.930971094316975334e-02
-7.070714470671638496e-01
-1.711071197154264478e+00
1.100129374013328665e+00
4.142976411940093029e-01
1.614407974145464886e+00
3.777530859653419060e-01
-6.399626042284977112e-01
1.171814201944831740e-01
-3.331011621378350274e-01
3.323499495315167529e-01
1.447165600668222307e+00
-5.149099224712517797e-01
5.728515015601808036e-02
-2.370041845234810707e-01
-4.708072514855172752e-01
-1.618570747815794908e+00
-2.979596771061133964e+00
-7.127994368270598180e-01
-5.719768132877665057e-01
3.138305215590058705e-01
3.534776138038499549e-01
1.411041680644319340e-01
-2.217931363994939398e-01
7.439744037859243875e-01
-1.225835980738054776e+00
-4.390262362200142987e-01
6.122973124985503501e-01
-5.731133615595896957e-01
-3.887279468548112682e-01
-2.295103328962623479e+00
1.022516107234136218e+00
-6.789467746200409382e-01
-7.872689262471866956e-01
2.741727807601068156e-01
4.608884523988659443e-01
-1.123104035224383068e+00
-2.072794857214377562e-01
1.236205326186815778e+00
-4.807873401320240103e-01
2.404325605937349675e+00
-7.913907709674438129e-01
2.929407248319668700e-01
-5.652072308259051964e-02
1.339926309957553352e+00
1.331374968710579976e-01
-1.195929311463517664e+00
1.167168368404117418e+00
-4.001383519857285020e-01
1.344549423365940966e+00
6.678896088334422831e-01
-1.772988226455674832e-01
4.935153172482886208e-01
2.465325082061476270e+00
7.068304547516349734e-01
-2.299466437747228476e-01
6.623740117246330605e-01
1.006861138624822516e+00
-1.129551194433791483e+00
-2.944260073899428454e-01
-1.320447545891455743e+00
5.338848093108750081e-01
2.446145202649901429e-01
-1.022310692277394795e+00
5.643525263861179919e-01
-3.909821853064034958e-01
-3.128287573370895913e-01
4.697514340830429291e-01
8.482086090216562901e-01
1.656716624478291822e+00
-2.608594785541750172e-01
-1.420880515154234303e+00
7.817751903756150478e-01
-9.229092648489459760e-01
-1.359310573105999342e+00
-1.230698285101399225e-01
3.462331153511831738e-01
-2.959838529392121442e-01
1.202743873969904786e+00
-4.804132522942067274e-02
-4.057295276490920366e-01
2.730493200953109101e-01
1.218148850351047363e+00
2.225049638823194620e+00
1.668102670197324777e-01
9.425004089401401997e-01
5.484280662958247454e-01
1.985385746089388670e+00
-1.443667630269636903e-01
9.471260781751875690e-01
-2.876294136505807009e-01
