1.050956660601147785e+00
-8.502526662463355533e-01
-1.337269668796180033e+00
-1.160028769242525293e+00
-1.233748250732852103e+00
-1.720344769645216321e+00
1.528343245481005308e-01
8.765110893109231416e-01
9.399352902844575475e-01
-1.364810825283893747e+00
8.544705113330852697e-01
-1.378604493714163048e+00
7.726715622115610804e-01
1.123171311729199484e+00
-7.798875077291328450e-01
-8.655894916055276722e-01
9.703419879691504990e-01
-1.977722326519418150e+00
-1.480956995991835834e+00
1.102582444346746904e+00
-9.382528379536089203e-01
9.701700007692111161e-01
-1.186954345400656585e+00
-1.146599236040805492e+00
1.059645564948896057e+00
-1.033655830413265919e+00
1.040732759827900145e+00
-9.068585657009925471e-01
1.089049150677826816e+00
-9.085324365017286574e-01
-1.744242259993774802e+00
-1.708212606466934513e-01
-1.328175037853994489e+00
-1.120341051460031823e+00
1.022349922643038589e+00
-7.830598224103538785e-01
9.889855328659771239e-01
9.864729802484675236e-01
-3.670942615872677672e-01
1.043057295346586644e+00
1.083934408302690500e+00
2.025917294167349780e-01
9.143127391326426601e-01
-7.288943954567095318e-01
1.028820684643070082e+00
-5.722586125777062716e-01
-5.717518085803148242e-01
-1.519611467114475367e+00
1.018662873208982855e+00
-6.104754612210525622e-01
-3.644816128556616075e-02
1.026415867404560922e+00
1.004370572494883485e+00
-8.166144061955451505e-01
1.056761552640227864e+00
8.915938723886417394e-01
1.031608852736985549e+00
2.319890179765859983e-02
-2.347123481773543574e+00
9.563610094228922609e-01
9.956877494948880303e-01
-1.345810483962680992e+00
-1.232708942983504752e+00
-8.424194898665388065e-01
6.505200995390272301e-01
6.438094507498945962e-01
-2.065148177357518655e+00
1.002236185401143675e+00
-3.676526916178174398e-01
-2.219986921183741968e-01
9.733820420899531589e-01
-9.251842613785264957e-01
1.012726795040512551e+00
1.151475073556748274e+00
1.110411549111698593e+00
1.025356650792435653e+00
1.041707812519322429e+00
9.824562129306556590e-01
3.681951823426825587e-01
-7.015420151454607733e-01
9.396208140002290099e-01
1.038964973524847624e+00
-5.773565443300558986e-01
9.775367576732852948e-01
-5.092909890916739180e-01
1.046715244446577930e+00
9.963346854447686640e-01
1.076818505086496902e+00
9.064748018280345265e-01
9.906103832149953936e-01
1.020918021706712420e+00
1.008940360470707454e+00
-1.101607602654837148e+00
9.087565321855335387e-01
1.035839701766405829e+00
-1.783389119629592123e+00
9.819177576172972710e-01
-1.332276776941494045e+00
-1.550017779857918887e+00
1.086592817147070011e+00
-1.647492909123823068e+00
-1.496310131722154546e+00
1.183438104525072143e+00
-7.241601792601639609e-01
-1.005778465628736518e+00
-2.279353052799929280e+00
-2.469256398222973381e+00
-1.249848111329346034e+00
-5.119094008505747917e-01
-4.300013529811944624e-01
-1.148730533882597271e+00
-1.153544036955357122e+00
-5.070027488853601216e-01
9.456169425325740008e-01
-1.084022000910327854e+00
1.188092061647019193e+00
9.761327192352229343e-01
-1.055912469200996240e+00
-7.848407041287781549e-01
-6.823283338559926747e-01
-1.249628426445458684e+00
-4.195069396627835179e-01
9.640797446086789568e-01
9.176244510789230979e-01
9.745860354160137407e-01
9.800977171414679834e-01
1.035163500274989268e+00
9.295866060010967713e-01
-1.017854935342283884e+00
9.138208528997527891e-01
1.126399251656679423e+00
-1.372105021436150318e+00
-5.449435094503003452e-01
-1.042672106189553638e+00
9.690448517796380612e-01
1.010765547339514958e+00
-2.363124935464627097e+00
-1.504500992343375421e+00
1.023943710400428531e+00
1.071908101008923753e+00
-9.970421839176719647e-01
-1.241834143270794444e+00
-6.931943656282264499e-01
-8.596844349484944470e-01
9.460539597076602636e-01
-2.374611419201108298e+00
9.220027706879705409e-01
9.780553040256165787e-01
1.105533750369498192e+00
-2.255095999454770350e-01
8.992564092213792826e-01
9.607149298139865401e-01
-8.007453694435994196e-01
9.511740311725218611e-01
1.078012901453195616e+00
9.633183134032771155e-01
1.053927653775365236e+00
-8.222035086472845311e-02
1.095763522888032915e+00
-1.665159664605027068e+00
-1.339919188117250082e-01
9.435907522903933531e-01
-9.316626203111050275e-01
-2.789313106770318074e-01
-2.039592066289972916e+00
9.665044782578111615e-01
-1.184245090249722132e+00
1.008962809585083331e+00
9.830782850553503316e-01
1.092938708295574601e+00
8.248950128408452098e-01
-1.077382422321474298e+00
1.037652768047122143e+00
1.094316327738438899e+00
-2.912747166037151780e-01
1.102229723750774104e+00
9.841856045313593926e-01
1.064714104901827829e+00
-9.815099407088567762e-02
9.774179017937009162e-01
-3.182939522155875389e-01
9.562742964335326779e-01
1.041842338118108557e+00
1.169760238468532387e+00
-1.045384820574015716e+00
9.694714307185393620e-01
1.020832307236779757e+00
-8.169993994365677414e-01
1.026968586662347915e+00
8.694537643577369135e-01
-8.314510665359627906e-01
8.962913532278242723e-01
-1.554554566271002969e+00
-2.201597950324842845e+00
9.481997325561249967e-01
1.050535847930657019e+00
1.072261016601779193e+00
1.046021092214956427e+00
-2.365256992990765195e-01
7.007981935378249094e-01
1.027325286300363683e+00
-1.125036625941330248e+00
-1.481864896662781206e+00
1.060872772711400236e+00
-1.411865161560222237e+00
-1.226366394503463297e+00
1.005021993515577083e+00
-1.106571811376815706e+00
9.814027373405760368e-01
-1.078110668621831802e+00
1.020776258027973116e+00
9.910577590268438986e-01
1.007877982093262625e+00
-9.409522523556118623e-01
-8.040007462942029282e-01
-6.237191223834646081e-01
-8.929287050424744576e-01
9.945045500998961341e-01
9.979988531018334497e-01
-8.641606793098215444e-01
-8.647646575565753890e-01
9.650066250168825022e-01
1.017469108455948845e+00
9.866820975700020258e-01
-9.300655870997068808e-01
-1.054127759774109219e+00
1.022632158314882522e+00
9.946768287862253199e-01
1.002209974690180916e+00
-7.799796273335162233e-01
1.005359563201771556e+00
-1.178295533020318642e+00
-8.092859558529530428e-01
1.043041610278948594e+00
-1.053155014644328480e+00
-1.091575570655308747e+00
9.969927930405826366e-01
-1.594616829496538601e+00
-9.148060335209031724e-01
1.027845218182728004e+00
-1.450083581351416129e+00
9.803144738583734474e-01
-1.043478054186125048e+00
1.025807559416065606e+00
9.942724569355743114e-01
-6.777288585830589795e-01
9.508016831124042056e-01
-2.078402098461819003e-01
-8.594616830774041150e-01
-1.173444420611025052e+00
9.869431620197267607e-01
-1.001718890841279963e+00
9.910656217045300531e-01
-1.524096141667107940e+00
1.020400655537861079e+00
9.827862082566836133e-01
9.881075786669535344e-01
-9.966419306104830067e-01
9.993609592102125072e-01
-1.559953825581058551e+00
9.474142722378140480e-01
1.007131464440424784e+00
-3.017092157776860573e-01
-1.106348078278634794e+00
-8.913542616910248295e-01
9.876231977012553953e-01
9.627922631830823086e-01
-1.245612960663263769e+00
1.015309167398429135e+00
-5.674946755344048022e-01
1.048968675223211688e+00
9.983756451071934546e-01
1.022652144921438300e+00
1.011369694066885039e+00
9.984727350775283172e-01
-6.134523500938660057e-01
-1.286498022909593031e+00
-7.115767457791926098e-01
-1.039713252208657623e+00
1.024398742578888299e+00
9.742183501822468950e-01
1.009703061720581108e+00
-1.533353998119497907e+00
-7.068167489057777253e-01
1.006032485780199215e+00
-1.955275423169522409e+00
-1.248870069516510029e+00
9.517854958737834714e-01
-1.264449313986844903e+00
9.987954339774440804e-01
-5.447450600681454924e-01
9.972304282637821649e-01
9.542110475560108274e-01
-1.669952528089337473e+00
1.059073284094832035e+00
1.007764442702585583e+00
-1.160300210808523858e+00
-3.810049726875169851e-01
1.017562823268482131e+00
-1.503267721114486699e+00
