1.926604090534828506e+00
2.218084519069857485e+00
2.055275012787309841e+00
2.041382677970697834e+00
2.041441312912430028e+00
1.568799647828031718e+00
2.010849164571108183e+00
1.885068534045044153e+00
1.576523855794745632e+00
1.409078253772245937e+00
1.955932906344100886e+00
2.363880066890100107e+00
2.216464043708038734e+00
1.260270968501487232e+00
1.753167616584112576e+00
2.209584896040408530e+00
1.626853310765655314e+00
1.233749250728536584e+00
1.538923276307760935e+00
1.734507152005871689e+00
2.537025365220116235e+00
1.648568789679482283e+00
1.940123908506586226e+00
2.171162047809594320e+00
2.086606593772264429e+00
2.430650809806120805e+00
1.896242748403337064e+00
2.171910292847158974e+00
1.887979563159777552e+00
1.400111259425917964e+00
1.341476688405802697e+00
1.831032325586121390e+00
1.633297667822198873e+00
2.155958435861053513e+00
2.025361881213957105e+00
2.809496497128096681e+00
1.821600875721820501e+00
1.414777234203480560e+00
2.340744406815438161e+00
2.160679258678150028e+00
2.098419953096556601e+00
1.351637581609040240e+00
1.619697370129772773e+00
2.099589180815412348e+00
1.409581066344314459e+00
2.167444665049916175e+00
2.321188740129918493e+00
2.381022969488729490e+00
1.520795104577776558e+00
1.868890819869683861e+00
2.055964918885922366e+00
1.797464600993790018e+00
1.810279955628169235e+00
2.381629935448839497e+00
1.492359900964177255e+00
2.217996026982030244e+00
2.660601313623443875e+00
1.617019006922199242e+00
2.016140338304128754e+00
2.153252154922260075e+00
2.370211635280897067e+00
2.126486627662305562e+00
1.453443810795728375e+00
1.764108302616578250e+00
1.406338453056936499e+00
2.202700642457275038e+00
1.912274536395715208e+00
1.681259839628063357e+00
1.688525565163312203e+00
2.164288607925245689e+00
1.483899768073297043e+00
1.205621595477599062e+00
1.777530660403392249e+00
1.536176781043804951e+00
1.297715067572004610e+00
1.719066402894594781e+00
2.508554575033802969e+00
1.929973628790141005e+00
1.530628362471230464e+00
2.354616878016708270e+00
1.977227425576497666e+00
2.156789144436475958e+00
2.102195854510344297e+00
1.872444158612063259e+00
1.944331535487122453e+00
1.696484296184742169e+00
1.778751265839064510e+00
1.587037505864119957e+00
2.887496487918831178e+00
1.790167973394669154e+00
1.979907082575204091e+00
1.934370095163175263e+00
1.872296008446688198e+00
1.903842793504461728e+00
2.030140686090879054e+00
2.502598005652339808e+00
1.720281365455085476e+00
2.411187552148862157e+00
1.516721840305832236e+00
1.857094706677874241e+00
2.839876224516257874e-03
-1.494872185602134640e-01
-9.419421713951098285e-02
-2.081487321210506725e-02
-2.756966876256798926e-01
-1.996310435259365801e-02
2.390921041470275843e-02
7.376252054769075195e-02
-2.861928237230429994e-01
-2.701503883963566333e-01
-5.963166723165356231e-01
-5.478742399476668190e-01
-3.497934339484243260e-02
-1.200958747953378980e-01
-3.119391677996267709e-01
-2.576145578171588069e-01
-1.842740043025581365e-01
2.824267013735358711e-01
8.473870968932714631e-02
-9.595041351564712051e-02
