9.771235013973960548e+00
-3.205959248133996020e-01
3.606733944506270717e+00
4.467221905164553419e+00
5.223191106973819942e+00
2.383903164389785889e+00
2.726315800546216028e+00
3.287657548760811288e+00
2.826981722636194849e+00
3.370656899915079663e+00
5.096610483851145901e+00
8.632588142780481810e-01
2.917358049019823873e+00
5.061305369261143383e+00
2.483752069293391429e+00
2.376897627951934933e+00
1.052227345881042719e+00
1.741084098870522734e+00
3.293749697035345925e+00
3.792902821317116313e+00
4.759039032395440572e+00
4.198819324771136507e+00
6.035502780703986048e+00
1.436391723750184202e+00
7.912042378160408340e+00
6.391196680733043145e+00
5.272386643849977794e+00
-3.043145570691687674e-01
6.557472208057911089e+00
-3.572533205310172377e+00
4.953333544819773060e+00
-7.148355667773449440e-01
4.701425462540303357e+00
5.525646113349046651e+00
4.921173822816493626e+00
4.048578375124046502e+00
4.455603341423199026e+00
1.143620358605486498e+00
5.206272109634912049e+00
3.921055718859506101e+00
6.092784328134150940e+00
7.432618227867413552e+00
7.282493374657043717e+00
3.039839855501691446e+00
3.665347546596633421e+00
5.007901611435568334e+00
6.299637305252646868e+00
4.196696629510709542e+00
4.612776623441722457e+00
5.070734237034296932e+00
4.359402278026092148e+00
4.818150551313903129e+00
4.747138180903863969e+00
4.706151602220093544e+00
4.709985324105031346e+00
5.444945150874146655e+00
3.859631859007043975e+00
1.332926326431224773e+00
4.204194048830620645e+00
6.263518400062609182e+00
