-5.269917723098926920e-01
-1.859584477753319032e+00
-1.722630381213943185e+00
-1.018350451386115463e+00
-1.113424511544379936e+00
1.982871150773246605e+00
-9.590139983340146834e-01
8.594699741985678543e-01
8.026834400444213813e-01
-1.449953256573339733e+00
-1.267293977186513487e+00
-1.241175912517187951e+00
-2.272665717519225304e+00
1.863323423587251781e+00
1.545892189962450480e+00
-2.002144813893749209e-01
-1.432046267516477123e+00
1.441000187619440709e+00
3.728653291113195323e-01
-1.044562761807191986e+00
-4.640793804351175389e-01
-3.794824866794299645e-01
1.640004639082762061e+00
-1.431346548053671341e-01
3.416878438834003440e-01
-2.738706544467453874e+00
-1.364713479684926956e+00
-2.717991804142532608e+00
-2.100861529681063100e+00
1.629665862505213170e+00
1.690076114711959399e+00
5.704635371704682711e-01
6.634380445325831488e-01
-6.912616186778395289e-01
1.656646338029740484e+00
-9.678987832959622395e-01
4.160288526367255102e-01
2.495793404453108266e-01
-6.174106686089420037e-03
-1.889803039601620771e+00
4.117858456818939139e-01
1.390281513011730752e+00
9.835863164053417762e-01
-8.399887610095952972e-01
1.589391095791949482e+00
9.091683886337795784e-01
6.287513917463587454e-01
-2.375726532552036030e+00
1.581542246764557014e+00
-1.061445031348519308e+00
1.797181821081133002e-01
1.466925658890056994e+00
8.713849159251378929e-01
2.135565737825340094e-02
2.355983554816711845e+00
-2.855231905612862775e-01
-9.154331721243558206e-02
1.639505784137226030e+00
9.164649801718116606e-01
-7.062106306491884311e-01
-4.441597149215485985e-01
-5.507712654461949242e-01
9.111398616735182365e-01
1.161184917081687473e+00
2.832284196414259547e+00
1.335169245693850204e+00
1.106656364339633214e+00
2.689050755378619151e+00
2.677028065790996170e+00
8.035459032768699217e-03
1.730530442864615548e+00
2.857104474406943595e+00
-9.215341190102055435e-02
1.864068794141072516e+00
2.191040429967031411e+00
2.747004798590843233e+00
2.414889983141649488e+00
6.861832268089171905e-01
-9.782405245567171725e-01
-8.605386848743719064e-01
-9.443785372672000022e-01
1.355639721849797752e+00
5.319723850940554222e-01
-5.407242013339699227e-01
2.457816035552247147e+00
2.286628125199758443e+00
1.949966739632833956e+00
2.361376680583858079e+00
6.061164138705645854e-01
1.994480005097017283e+00
1.238517780837705029e+00
1.452950295883724152e+00
1.924066058145341707e-01
1.409516693939294463e+00
7.027073584387935057e-01
1.154177539339731329e+00
9.469194286034987584e-01
9.995665523395955709e-01
2.669837930220055888e+00
5.150808693025954454e-02
