1.489967474211998377e+00
5.765264510361095551e-01
7.375336426982004312e-01
1.074323099856399732e+00
1.288663240499931195e+00
-3.174254792439799577e-01
1.435755230507373081e+00
9.405695855324078813e-01
9.846247749087104761e-01
8.920497353105414362e-01
1.079906819653849270e+00
1.188595399354765769e+00
3.173428601106768054e-01
-2.142384445398628490e-01
8.081024226754857098e-02
1.478611954901447811e+00
9.952016507442362769e-01
1.929225529526654992e-01
1.178363553165650890e+00
1.296976321831445622e+00
1.480057592436359037e+00
1.528427166498989465e+00
-5.405586357824543331e-02
1.214888963637293706e+00
1.164236037855393091e+00
-8.909761159647555662e-02
1.076929554760713170e+00
-2.862837428893598712e-01
4.193265432473858301e-01
1.159259634111739212e-01
-1.923782849033432996e-01
8.822154017141713434e-01
8.500925630117285303e-01
1.350133120264159547e+00
1.882229165478906396e-01
1.247260980707049827e+00
1.250598876722203379e+00
1.353234658471032636e+00
1.482802671283863338e+00
6.415890114075982753e-01
1.088904236241508228e+00
2.002704741708723202e-01
5.399664708750044895e-01
1.323327976487569613e+00
-4.298606006130206714e-02
7.275378953454222364e-01
9.265927602461966339e-01
1.754745879177067036e-01
1.903924184402143172e-01
1.553142221923948130e+00
-1.085648360294386716e+00
-1.605139630598217959e+00
-1.325442701800630063e+00
-9.513995127357398607e-01
-7.705118705509511612e-01
-7.647933645625564214e-01
-8.838686985765901172e-01
-1.362384193174894786e+00
-1.567102370801341849e+00
-1.002487570229508851e-01
-3.215440328825328598e-01
-3.455102914524812996e-01
-1.529220921620872975e+00
-1.571583389355836413e+00
-4.130044644551021382e-01
-1.519651430415097204e+00
-1.570668247461495248e+00
-4.572913993788283449e-01
-6.198179400427332730e-01
-9.311198022848488076e-01
-1.179552202314276155e+00
-4.434803159961410168e-01
-8.305455913994845840e-01
-1.305724809697464073e+00
-9.649060873517423254e-01
-5.201520893447519889e-01
-9.808691407647407434e-01
-1.466637533732121801e+00
-6.150354125876626721e-02
6.598869141272278860e-03
-2.988877400446138602e-02
-1.477860304039190442e+00
-1.318876052067921911e+00
-3.959454029454398394e-01
-8.782073979974874822e-01
-1.061737602730849162e+00
-1.333091184457039668e+00
-9.444519984290102865e-01
-1.519680675777226542e+00
-1.142267919674023746e+00
-1.237357620422500748e+00
-1.494874203900082188e+00
-1.362442223357110516e+00
-1.462400584730469522e+00
-1.534340414521916163e+00
-1.425430280609388145e+00
-1.476297376326337174e+00
-1.628745111846036542e+00
-4.699808635117176947e-01
-9.831680295920136592e-01
