-5.628078340420936132e-02
-9.824721840589091537e-02
-8.237355401276497124e-02
-7.808646625433846022e-02
-7.517667831929129851e-02
-8.281827529484629691e-02
-8.497888692914928876e-02
-8.055133916925180659e-02
-8.246218631473524463e-02
-8.299064964156101232e-02
-7.586764417055255616e-02
-9.276970917124176264e-02
-8.579109999827710942e-02
-7.225212374798405113e-02
-8.294325442820482674e-02
-8.546600019919284308e-02
-9.224287947082893124e-02
-8.603979671270790830e-02
-8.111089615025836308e-02
-8.081519736223349848e-02
-7.625407246027371411e-02
-7.839343501826409599e-02
-6.862331664361806527e-02
-8.915952802409903011e-02
-6.267513840803161373e-02
-7.245499446376210684e-02
-7.528144293355533423e-02
-9.921218172658104184e-02
-7.102447833671896027e-02
-1.070678671195677556e-01
9.996888902987984826e-01
9.619010962214843419e-01
9.980095030836020342e-01
1.003504307422326880e+00
9.994744921521099279e-01
9.936571891674936818e-01
9.963706889428213254e-01
9.742908023907032034e-01
1.001375147397566057e+00
9.928070381257300125e-01
1.007285228854227777e+00
1.016217454852449409e+00
1.015216622497713717e+00
9.869322657033445800e-01
9.911023169773108821e-01
1.000052677409570379e+00
1.008664248701684363e+00
9.946446441967380370e-01
9.974185108229448593e-01
1.000471561580228652e+00
9.957293485201739180e-01
9.987876703420927038e-01
9.983142545393590694e-01
9.980410106814673332e-01
9.980665688273668845e-01
1.002966301005827621e+00
9.923975457267135702e-01
9.755528421762081903e-01
9.946946269922041228e-01
1.008423456000417495e+00
