1.983804936614064474e+01
1.184249313348008670e+01
1.266421771271634000e+01
1.688989729168330811e+01
1.631945293073372127e+01
3.489722690463948140e+01
1.724591600999591279e+01
2.815681984519140713e+01
2.781610064026653006e+01
1.430028046055996072e+01
1.539623613688091908e+01
1.555294452489687274e+01
9.364005694884649955e+00
3.417994054152350714e+01
3.227535313977470111e+01
2.179871311166375136e+01
1.440772239490113726e+01
3.164600112571664781e+01
2.523719197466791897e+01
1.673262342915684897e+01
2.021552371738929565e+01
2.072310507992342110e+01
3.284002783449657414e+01
2.214119207116779720e+01
2.505012706330040118e+01
6.567760733195278533e+00
1.481171912189043738e+01
6.692049175144802575e+00
1.039483082191362229e+01
3.277799517503127902e+01
3.314045668827175462e+01
2.642278122302280963e+01
2.698062826719549889e+01
1.885243028793296460e+01
3.293987802817844113e+01
1.719260730022422479e+01
2.549617311582035484e+01
2.449747604267186674e+01
2.296295535988346259e+01
1.166118176239027449e+01
2.547071507409136260e+01
3.134168907807038451e+01
2.890151789843205066e+01
1.796006743394242733e+01
3.253634657475169689e+01
2.845501033180267925e+01
2.677250835047815158e+01
8.745640804687782932e+00
3.248925348058733675e+01
1.663132981190888415e+01
1.384788636581084909e+01
2.350194244167542834e+01
1.903538686943853264e+01
1.266016743033690162e+01
3.016987666112533972e+01
1.035857607079035247e+01
1.181342512090673225e+01
2.479629338102919434e+01
1.937348735128858834e+01
7.203420270131086767e+00
