3.702533183406533368e+01
3.404845717032713992e+01
3.397124346815688511e+01
3.263458948359605216e+01
3.531074873234486944e+01
3.635085334753642172e+01
3.428036803237882424e+01
3.322931458344628908e+01
3.675497546842683505e+01
3.392550085737268972e+01
3.379650824943122700e+01
3.325395504797358370e+01
3.197807031800329369e+01
3.597406537445120023e+01
3.820635302470028449e+01
3.473038209048893776e+01
3.433045348414805176e+01
3.953324576667410639e+01
3.783096024343834074e+01
3.287638242762367469e+01
3.416411262707840990e+01
3.518604401093789846e+01
3.907643182879257182e+01
3.499976243746575477e+01
3.600438284811958312e+01
3.168909634132168662e+01
3.327586463249000559e+01
3.155177932799546880e+01
3.243013315941431074e+01
3.799859986190454464e+01
2.280665688273668579e+01
2.329663010058276384e+01
2.223975457267136235e+01
2.055528421762081592e+01
2.246946269922041495e+01
2.384234560004173886e+01
2.283521395360051542e+01
2.171589827346524970e+01
2.320017148359493220e+01
2.384850907944000653e+01
2.129015456879394463e+01
2.141633092957150808e+01
2.189951025224819503e+01
2.184274245911597490e+01
2.480804486051616209e+01
2.188882138892522633e+01
2.387041534789666741e+01
2.374897283196263231e+01
2.370953256784924790e+01
2.331614942712000982e+01
2.222178575483532725e+01
2.246403840741926317e+01
2.182616777902539340e+01
2.206520379600566528e+01
2.189996035204198677e+01
2.297200618720563980e+01
2.235937791500695582e+01
2.342423064353125994e+01
2.416286277306139496e+01
2.546437226544567523e+01
