523 518
530 538
535 586
540 589
544 585
564 606
571 626
584 660
1144 721
1184 708
1253 729
1337 786
1404 832
1517 864
1546 910
1566 895
1639 897
1706 920
1778 1024
1857 1063
1924 1101
2008 1132
2162 1293
2395 1393
2637 1593
2896 1696
3097 1968
3301 2130
1680 1076
1695 1072
1770 1411
1960 1357
2116 1447
2349 1653
2510 1776
2662 1870
2802 1805
2887 1793
3096 1940
3380 2093
3529 2110
3892 2331
4322 2452
4608 2718
4929 2741
5148 2827
5489 2970
5822 3069
517 349
524 342
519 351
528 343
533 347
542 355
550 358
559 363
567 369
575 380
584 374
593 374
602 368
610 370
614 377
619 382
624 379
637 388
648 396
659 402
986 859
1042 900
1086 957
1142 1016
1202 1080
1189 1109
1204 1163
1279 954
1376 1277
1466 1396
1559 1522
1635 1672
1710 1788
1252 778
1295 759
1297 801
1363 818
1415 860
1467 889
1527 911
1585 921
1625 892
1671 885
1695 908
1600 818
1512 825
1550 840
1599 878
1680 956
1759 1031
1796 1033
1788 1042
1795 1144
826 683
853 708
856 768
994 767
895 788
934 839
960 893
1008 953
1060 1015
1130 1077
1145 1164
1223 1219
1296 1295
1334 1337
1348 1393
1429 1504
1502 1547
1484 1675
1573 1708
1672 1806
445 287
446 286
448 287
450 288
451 290
450 290
453 290
455 290
453 292
458 295
461 295
464 296
466 299
470 301
473 300
479 299
482 306
483 310
1300 363
1339 363
1384 374
1413 378
1402 379
1362 373
1254 364
1285 370
1310 368
1301 370
1398 373
844 563
880 586
884 628
939 646
981 641
1019 640
1076 684
1128 730
1176 764
1222 781
1273 831
1340 862
1330 924
1340 983
1391 1011
1479 1049
1577 1118
1691 1216
1802 1463
1912 1600
1402 916
1476 904
1533 972
1609 979
1714 1149
1816 1280
1905 1427
2054 1569
2182 1706
2135 1796
2328 1885
2420 2119
2481 2181
2482 2276
2714 2238
2838 2398
3095 2544
3378 2799
3569 3077
3775 3304
1489 513
1623 526
1764 544
1780 579
1863 599
1987 622
2001 628
2209 676
2483 702
2665 723
2727 781
2831 793
2903 826
2955 861
433 292
433 293
437 293
436 293
438 292
437 293
437 293
439 294
438 294
440 294
438 293
439 293
443 295
445 295
445 296
447 298
571 371
639 412
821 393
741 402
749 404
774 413
792 422
795 441
808 450
813 414
833 463
856 483
869 496
889 515
910 540
924 577
937 586
973 626
992 600
1016 610