5.230000000000000000e+02
5.300000000000000000e+02
5.350000000000000000e+02
5.400000000000000000e+02
5.440000000000000000e+02
5.640000000000000000e+02
5.710000000000000000e+02
5.840000000000000000e+02
1.144000000000000000e+03
1.184000000000000000e+03
1.253000000000000000e+03
1.337000000000000000e+03
1.404000000000000000e+03
1.517000000000000000e+03
1.546000000000000000e+03
1.566000000000000000e+03
1.639000000000000000e+03
1.706000000000000000e+03
1.778000000000000000e+03
1.857000000000000000e+03
1.924000000000000000e+03
2.008000000000000000e+03
2.162000000000000000e+03
2.395000000000000000e+03
2.637000000000000000e+03
2.896000000000000000e+03
3.097000000000000000e+03
3.301000000000000000e+03
1.680000000000000000e+03
1.695000000000000000e+03
1.770000000000000000e+03
1.960000000000000000e+03
2.116000000000000000e+03
2.349000000000000000e+03
2.510000000000000000e+03
2.662000000000000000e+03
2.802000000000000000e+03
2.887000000000000000e+03
3.096000000000000000e+03
3.380000000000000000e+03
3.529000000000000000e+03
3.892000000000000000e+03
4.322000000000000000e+03
4.608000000000000000e+03
4.929000000000000000e+03
5.148000000000000000e+03
5.489000000000000000e+03
5.822000000000000000e+03
5.170000000000000000e+02
5.240000000000000000e+02
5.190000000000000000e+02
5.280000000000000000e+02
5.330000000000000000e+02
5.420000000000000000e+02
5.500000000000000000e+02
5.590000000000000000e+02
5.670000000000000000e+02
5.750000000000000000e+02
5.840000000000000000e+02
5.930000000000000000e+02
6.020000000000000000e+02
6.100000000000000000e+02
6.140000000000000000e+02
6.190000000000000000e+02
6.240000000000000000e+02
6.370000000000000000e+02
6.480000000000000000e+02
6.590000000000000000e+02
9.860000000000000000e+02
1.042000000000000000e+03
1.086000000000000000e+03
1.142000000000000000e+03
1.202000000000000000e+03
1.189000000000000000e+03
1.204000000000000000e+03
1.279000000000000000e+03
1.376000000000000000e+03
1.466000000000000000e+03
1.559000000000000000e+03
1.635000000000000000e+03
1.710000000000000000e+03
1.252000000000000000e+03
1.295000000000000000e+03
1.297000000000000000e+03
1.363000000000000000e+03
1.415000000000000000e+03
1.467000000000000000e+03
1.527000000000000000e+03
1.585000000000000000e+03
1.625000000000000000e+03
1.671000000000000000e+03
1.695000000000000000e+03
1.600000000000000000e+03
1.512000000000000000e+03
1.550000000000000000e+03
1.599000000000000000e+03
1.680000000000000000e+03
1.759000000000000000e+03
1.796000000000000000e+03
1.788000000000000000e+03
1.795000000000000000e+03
8.260000000000000000e+02
8.530000000000000000e+02
8.560000000000000000e+02
9.940000000000000000e+02
8.950000000000000000e+02
9.340000000000000000e+02
9.600000000000000000e+02
1.008000000000000000e+03
1.060000000000000000e+03
1.130000000000000000e+03
1.145000000000000000e+03
1.223000000000000000e+03
1.296000000000000000e+03
1.334000000000000000e+03
1.348000000000000000e+03
1.429000000000000000e+03
1.502000000000000000e+03
1.484000000000000000e+03
1.573000000000000000e+03
1.672000000000000000e+03
4.450000000000000000e+02
4.460000000000000000e+02
4.480000000000000000e+02
4.500000000000000000e+02
4.510000000000000000e+02
4.500000000000000000e+02
4.530000000000000000e+02
4.550000000000000000e+02
4.530000000000000000e+02
4.580000000000000000e+02
4.610000000000000000e+02
4.640000000000000000e+02
4.660000000000000000e+02
4.700000000000000000e+02
4.730000000000000000e+02
4.790000000000000000e+02
4.820000000000000000e+02
4.830000000000000000e+02
1.300000000000000000e+03
1.339000000000000000e+03
1.384000000000000000e+03
1.413000000000000000e+03
1.402000000000000000e+03
1.362000000000000000e+03
1.254000000000000000e+03
1.285000000000000000e+03
1.310000000000000000e+03
1.301000000000000000e+03
1.398000000000000000e+03
8.440000000000000000e+02
8.800000000000000000e+02
8.840000000000000000e+02
9.390000000000000000e+02
9.810000000000000000e+02
1.019000000000000000e+03
1.076000000000000000e+03
1.128000000000000000e+03
1.176000000000000000e+03
1.222000000000000000e+03
1.273000000000000000e+03
1.340000000000000000e+03
1.330000000000000000e+03
1.340000000000000000e+03
1.391000000000000000e+03
1.479000000000000000e+03
1.577000000000000000e+03
1.691000000000000000e+03
1.802000000000000000e+03
1.912000000000000000e+03
1.402000000000000000e+03
1.476000000000000000e+03
1.533000000000000000e+03
1.609000000000000000e+03
1.714000000000000000e+03
1.816000000000000000e+03
1.905000000000000000e+03
2.054000000000000000e+03
2.182000000000000000e+03
2.135000000000000000e+03
2.328000000000000000e+03
2.420000000000000000e+03
2.481000000000000000e+03
2.482000000000000000e+03
2.714000000000000000e+03
2.838000000000000000e+03
3.095000000000000000e+03
3.378000000000000000e+03
3.569000000000000000e+03
3.775000000000000000e+03
1.489000000000000000e+03
1.623000000000000000e+03
1.764000000000000000e+03
1.780000000000000000e+03
1.863000000000000000e+03
1.987000000000000000e+03
2.001000000000000000e+03
2.209000000000000000e+03
2.483000000000000000e+03
2.665000000000000000e+03
2.727000000000000000e+03
2.831000000000000000e+03
2.903000000000000000e+03
2.955000000000000000e+03
4.330000000000000000e+02
4.330000000000000000e+02
4.370000000000000000e+02
4.360000000000000000e+02
4.380000000000000000e+02
4.370000000000000000e+02
4.370000000000000000e+02
4.390000000000000000e+02
4.380000000000000000e+02
4.400000000000000000e+02
4.380000000000000000e+02
4.390000000000000000e+02
4.430000000000000000e+02
4.450000000000000000e+02
4.450000000000000000e+02
4.470000000000000000e+02
5.710000000000000000e+02
6.390000000000000000e+02
8.210000000000000000e+02
7.410000000000000000e+02
7.490000000000000000e+02
7.740000000000000000e+02
7.920000000000000000e+02
7.950000000000000000e+02
8.080000000000000000e+02
8.130000000000000000e+02
8.330000000000000000e+02
8.560000000000000000e+02
8.690000000000000000e+02
8.890000000000000000e+02
9.100000000000000000e+02
9.240000000000000000e+02
9.370000000000000000e+02
9.730000000000000000e+02
9.920000000000000000e+02
1.016000000000000000e+03
