5.180000000000000000e+02
5.380000000000000000e+02
5.860000000000000000e+02
5.890000000000000000e+02
5.850000000000000000e+02
6.060000000000000000e+02
6.260000000000000000e+02
6.600000000000000000e+02
7.210000000000000000e+02
7.080000000000000000e+02
7.290000000000000000e+02
7.860000000000000000e+02
8.320000000000000000e+02
8.640000000000000000e+02
9.100000000000000000e+02
8.950000000000000000e+02
8.970000000000000000e+02
9.200000000000000000e+02
1.024000000000000000e+03
1.063000000000000000e+03
1.101000000000000000e+03
1.132000000000000000e+03
1.293000000000000000e+03
1.393000000000000000e+03
1.593000000000000000e+03
1.696000000000000000e+03
1.968000000000000000e+03
2.130000000000000000e+03
1.076000000000000000e+03
1.072000000000000000e+03
1.411000000000000000e+03
1.357000000000000000e+03
1.447000000000000000e+03
1.653000000000000000e+03
1.776000000000000000e+03
1.870000000000000000e+03
1.805000000000000000e+03
1.793000000000000000e+03
1.940000000000000000e+03
2.093000000000000000e+03
2.110000000000000000e+03
2.331000000000000000e+03
2.452000000000000000e+03
2.718000000000000000e+03
2.741000000000000000e+03
2.827000000000000000e+03
2.970000000000000000e+03
3.069000000000000000e+03
3.490000000000000000e+02
3.420000000000000000e+02
3.510000000000000000e+02
3.430000000000000000e+02
3.470000000000000000e+02
3.550000000000000000e+02
3.580000000000000000e+02
3.630000000000000000e+02
3.690000000000000000e+02
3.800000000000000000e+02
3.740000000000000000e+02
3.740000000000000000e+02
3.680000000000000000e+02
3.700000000000000000e+02
3.770000000000000000e+02
3.820000000000000000e+02
3.790000000000000000e+02
3.880000000000000000e+02
3.960000000000000000e+02
4.020000000000000000e+02
8.590000000000000000e+02
9.000000000000000000e+02
9.570000000000000000e+02
1.016000000000000000e+03
1.080000000000000000e+03
1.109000000000000000e+03
1.163000000000000000e+03
9.540000000000000000e+02
1.277000000000000000e+03
1.396000000000000000e+03
1.522000000000000000e+03
1.672000000000000000e+03
1.788000000000000000e+03
7.780000000000000000e+02
7.590000000000000000e+02
8.010000000000000000e+02
8.180000000000000000e+02
8.600000000000000000e+02
8.890000000000000000e+02
9.110000000000000000e+02
9.210000000000000000e+02
8.920000000000000000e+02
8.850000000000000000e+02
9.080000000000000000e+02
8.180000000000000000e+02
8.250000000000000000e+02
8.400000000000000000e+02
8.780000000000000000e+02
9.560000000000000000e+02
1.031000000000000000e+03
1.033000000000000000e+03
1.042000000000000000e+03
1.144000000000000000e+03
6.830000000000000000e+02
7.080000000000000000e+02
7.680000000000000000e+02
7.670000000000000000e+02
7.880000000000000000e+02
8.390000000000000000e+02
8.930000000000000000e+02
9.530000000000000000e+02
1.015000000000000000e+03
1.077000000000000000e+03
1.164000000000000000e+03
1.219000000000000000e+03
1.295000000000000000e+03
1.337000000000000000e+03
1.393000000000000000e+03
1.504000000000000000e+03
1.547000000000000000e+03
1.675000000000000000e+03
1.708000000000000000e+03
1.806000000000000000e+03
2.870000000000000000e+02
2.860000000000000000e+02
2.870000000000000000e+02
2.880000000000000000e+02
2.900000000000000000e+02
2.900000000000000000e+02
2.900000000000000000e+02
2.900000000000000000e+02
2.920000000000000000e+02
2.950000000000000000e+02
2.950000000000000000e+02
2.960000000000000000e+02
2.990000000000000000e+02
3.010000000000000000e+02
3.000000000000000000e+02
2.990000000000000000e+02
3.060000000000000000e+02
3.100000000000000000e+02
3.630000000000000000e+02
3.630000000000000000e+02
3.740000000000000000e+02
3.780000000000000000e+02
3.790000000000000000e+02
3.730000000000000000e+02
3.640000000000000000e+02
3.700000000000000000e+02
3.680000000000000000e+02
3.700000000000000000e+02
3.730000000000000000e+02
5.630000000000000000e+02
5.860000000000000000e+02
6.280000000000000000e+02
6.460000000000000000e+02
6.410000000000000000e+02
6.400000000000000000e+02
6.840000000000000000e+02
7.300000000000000000e+02
7.640000000000000000e+02
7.810000000000000000e+02
8.310000000000000000e+02
8.620000000000000000e+02
9.240000000000000000e+02
9.830000000000000000e+02
1.011000000000000000e+03
1.049000000000000000e+03
1.118000000000000000e+03
1.216000000000000000e+03
1.463000000000000000e+03
1.600000000000000000e+03
9.160000000000000000e+02
9.040000000000000000e+02
9.720000000000000000e+02
9.790000000000000000e+02
1.149000000000000000e+03
1.280000000000000000e+03
1.427000000000000000e+03
1.569000000000000000e+03
1.706000000000000000e+03
1.796000000000000000e+03
1.885000000000000000e+03
2.119000000000000000e+03
2.181000000000000000e+03
2.276000000000000000e+03
2.238000000000000000e+03
2.398000000000000000e+03
2.544000000000000000e+03
2.799000000000000000e+03
3.077000000000000000e+03
3.304000000000000000e+03
5.130000000000000000e+02
5.260000000000000000e+02
5.440000000000000000e+02
5.790000000000000000e+02
5.990000000000000000e+02
6.220000000000000000e+02
6.280000000000000000e+02
6.760000000000000000e+02
7.020000000000000000e+02
7.230000000000000000e+02
7.810000000000000000e+02
7.930000000000000000e+02
8.260000000000000000e+02
8.610000000000000000e+02
2.920000000000000000e+02
2.930000000000000000e+02
2.930000000000000000e+02
2.930000000000000000e+02
2.920000000000000000e+02
2.930000000000000000e+02
2.930000000000000000e+02
2.940000000000000000e+02
2.940000000000000000e+02
2.940000000000000000e+02
2.930000000000000000e+02
2.930000000000000000e+02
2.950000000000000000e+02
2.950000000000000000e+02
2.960000000000000000e+02
2.980000000000000000e+02
3.710000000000000000e+02
4.120000000000000000e+02
3.930000000000000000e+02
4.020000000000000000e+02
4.040000000000000000e+02
4.130000000000000000e+02
4.220000000000000000e+02
4.410000000000000000e+02
4.500000000000000000e+02
4.140000000000000000e+02
4.630000000000000000e+02
4.830000000000000000e+02
4.960000000000000000e+02
5.150000000000000000e+02
5.400000000000000000e+02
5.770000000000000000e+02
5.860000000000000000e+02
6.260000000000000000e+02
6.000000000000000000e+02
6.100000000000000000e+02
