3.026112501592786685e+01
3.188769855205766746e+01
3.248860711465349738e+01
3.289670196565243998e+01
3.403773616261932489e+01
3.446251523497612368e+01
3.236073487311020358e+01
3.049343879057600404e+01
3.363722607001565024e+01
3.244522190419180419e+01
3.351225765801664380e+01
3.178674908057514159e+01
3.096881594701491380e+01
3.168757804040835779e+01
3.273255490782342036e+01
3.479457769616698926e+01
3.457981646720899249e+01
3.353344217013354012e+01
3.432869590257302406e+01
3.114091403480478348e+01
7.966107740367602830e+00
7.922575994553199052e+00
8.454747751855228088e+00
8.351113569679252890e+00
6.176204603261847836e+00
7.928351733869554607e+00
5.985596925295712190e+00
8.272384906075309630e+00
8.242501533501128463e+00
6.004823553677640646e+00
5.117365798644822661e+00
8.896800209631845036e+00
5.065874876526446968e+00
8.194616155775204192e+00
8.775347396472430006e+00
8.211920069431370095e+00
9.258607527319824726e+00
8.158797781032170349e+00
6.516842096293904874e+00
7.068188688742170100e+00
