1.301684866664115603e+01
1.239130110336522961e+01
6.946778036233388853e+00
6.473456096579072394e+00
8.672839247247999594e+00
8.504188623509170597e+00
6.108307986778502396e+00
6.700292246613352987e+00
1.157911527940190766e+01
1.446523359226149985e+01
7.554705570196661668e+00
6.094092635570646621e+00
1.285072419610654038e+01
9.888233345224639592e+00
1.112020742700561193e+01
1.398248149801846374e+01
8.911682054044387513e+00
6.081741553279344181e+00
8.166810211172812473e+00
5.202508445442740381e+00
2.583991069406701513e+01
2.903893278853507098e+01
2.717966217666846518e+01
2.697812029789981736e+01
2.783387085572458020e+01
2.888337444473752669e+01
2.972170180626774538e+01
2.663914275736916792e+01
2.615694323715391079e+01
2.853956789758558443e+01
2.926516781819444191e+01
2.511987696121462221e+01
2.624235187853764728e+01
2.696530765028288812e+01
2.612651601918669542e+01
2.727419170426238892e+01
2.916251378572416186e+01
2.806750086035390623e+01
2.550915213380121571e+01
2.705500719099902085e+01
