-3.239012677187158573e-02
-1.631501373303982705e+00
-1.467156457456731955e+00
-6.220205416633382001e-01
-7.361094138532555675e-01
2.979445380927895570e+00
-5.508167980008176201e-01
1.631363969038281070e+00
1.563220128053306013e+00
-1.139943907888007812e+00
-9.207527726238158294e-01
-8.894110950206255417e-01
-2.127198861023070098e+00
2.835988108304701605e+00
2.455070627954940576e+00
3.597426223327504502e-01
-1.118455521019772414e+00
2.329200225143329028e+00
1.047438394933584149e+00
-6.534753141686300282e-01
4.310474347785930860e-02
1.446210159846836873e-01
2.568005566899314474e+00
4.282384142335597943e-01
1.010025412660080057e+00
-2.686447853360944382e+00
-1.037656175621912480e+00
-2.661590164971039396e+00
-1.921033835617275587e+00
2.555599035006255626e+00
2.628091337654351989e+00
1.284556244604562636e+00
1.396125653439099779e+00
-2.295139424134071682e-01
2.587975605635689291e+00
-5.614785399551549538e-01
1.099234623164070612e+00
8.994952085343732584e-01
5.925910719766926960e-01
-1.667763647521945058e+00
1.094143014818272697e+00
2.268337815614076547e+00
1.780303579686410842e+00
-4.079865132115143567e-01
2.507269314950338668e+00
1.691002066360535849e+00
1.354501670095630494e+00
-2.250871839062443591e+00
2.497850696117468239e+00
-6.737340376182228141e-01
-1.230422726837830050e+00
7.003884883350854906e-01
-1.929226261122929387e-01
-1.467966513932619899e+00
2.033975332225067767e+00
-1.928284785841929416e+00
-1.637314975818653373e+00
9.592586762058390448e-01
-1.253025297422825091e-01
-2.559315945973782647e+00
-2.166239572382322898e+00
-2.326156898169292386e+00
-1.332902074897228673e-01
2.417773756225312098e-01
2.748426294621388877e+00
5.027538685407755281e-01
1.599845465094498209e-01
2.533576133067928282e+00
2.515542098686494477e+00
-1.487946811450846951e+00
1.095795664296923100e+00
2.785656711610415392e+00
-1.638230117851530832e+00
1.296103191211608774e+00
1.786560644950546894e+00
2.620507197886264628e+00
2.122334974712474676e+00
-4.707251597866242143e-01
-2.967360786835075537e+00
-2.790808027311557638e+00
-2.916567805900800003e+00
5.334595827746966279e-01
-7.020414223589170888e-01
-2.311086302000954884e+00
2.186724053328370942e+00
1.929942187799637665e+00
1.424950109449250490e+00
2.042065020875787340e+00
-5.908253791941531219e-01
1.491720007645525925e+00
3.577766712565573215e-01
6.794254438255862283e-01
-1.211390091278198744e+00
6.142750409089416941e-01
-4.459389623418097415e-01
2.312663090095972152e-01
-7.962085709475186235e-02
-6.501714906068656319e-04
2.504756895330084276e+00
-1.422737869604610683e+00
-2.701813883074898559e+00
-2.238478233999439126e-01
-5.506858639487917095e-01
-7.773911599398264372e-02
-2.576905329749983320e+00
4.926516669935097070e-01
2.922130790134652045e+00
-1.745469264014124500e+00
-1.725743291251232936e+00
2.766810297042416877e+00
1.241724450727259565e+00
5.578092789370048266e-01
-7.148855575944121910e-01
8.324429784102576058e-01
1.457141470948819517e-02
-2.461241551822475060e+00
-1.216951998420110925e+00
1.968865404965484345e+00
-1.947264205858287411e+00
2.426936743418460551e+00
5.298889747071466871e-01
-2.900793259247532951e+00
-7.798669393140702510e-01
-2.747222982400788993e+00
-2.236316694921961279e+00
-1.924390644377688364e+00
-2.001248488983865315e+00
2.302130979624310569e+00
2.435712285610052596e+00
-1.587594128617431544e+00
-5.564404533777902451e-01
-1.730390556277452418e-01
1.981404106386859709e+00
-1.247954267588011756e+00
-1.957028809203339881e+00
-2.511413492362297717e-01
2.414574978342192146e+00
5.696215484045805688e-01
-5.243200000724010934e-01
-5.660943775148594703e-01
-1.149095004917335183e+00
-1.092727614579498630e+00
-5.094839045419301549e-01
8.290024177407024908e-01
1.771617103724226538e+00
-2.777799521232726665e+00
1.407246585157636787e+00
1.635425176620421084e+00
-1.533452838144533370e+00
2.910461156695006935e+00
1.050035067736918570e+00
2.356588416844806133e+00
-1.541671796963281382e+00
-2.689824736275099326e+00
1.258458380958410672e+00
2.743585874838641914e+00
-2.862988694324419381e+00
2.478855141919598992e+00
1.369642273811297883e+00
2.732431918427792539e+00
-1.361187309804837264e+00
-1.976438926764950921e+00
-1.064393893081836184e+00
-1.336569235272198064e+00
-5.638528184453939218e-02
-2.215705521999315586e+00
1.429102419045220174e+00
-2.158058559223092754e+00
4.239042468069325054e-01
2.000275992658373525e-01
-1.598861785867490060e+00
-1.386357297148488321e-01
-2.115469764624542393e-01
1.836186583095226865e+00
-2.888489331873156374e+00
1.276899507722339955e+00
-1.494039826908599711e+00
9.631593672532092754e-01
8.186757507818636093e-01
-2.658074010319354752e+00
1.313457293475632781e+00
-9.604594060148636814e-01
2.978572101457483967e-01
1.465919573529663289e+00
-1.928923568609995032e+00
-1.495775380691521272e+00
-2.196721776961435779e+00
-2.095355520803215299e+00
2.634182044665506872e+00
2.828717320043121042e+00
-2.144660467424778894e+00
-1.824809927607456306e+00
-2.397612969140810346e+00
-2.509125180262121724e+00
1.610254033446967270e+00
-1.737859532636219173e+00
-2.269413166482796562e-01
-2.495939783274342183e+00
-1.010986297814194579e+00
2.929954804759422160e+00
2.401632263386338728e+00
2.191971627187081495e+00
-6.944190341733622596e-01
1.203508144465866181e+00
-2.777221769218574998e+00
7.957315052748992201e-03
-2.316641478579716029e+00
1.402138967421250548e+00
-3.790751836434518296e-01
-1.038081668065922170e+00
1.509009645629436847e+00
-1.421288117532228279e+00
-8.931401314645137646e-02
-2.960636278073041083e+00
-2.968373100168192114e+00
4.059528968130430293e-01
-8.821614574113159080e-01
-7.496002848334968327e-01
-8.094176383865399060e-01
-1.145826131948067816e+00
-1.974616122621918546e+00
2.874749176729491040e+00
1.650415614880085258e+00
2.832932184675723164e+00
1.527772689016821950e-01
-1.569274108649853838e+00
-8.916856528451422292e-02
5.354572447000971458e-01
2.895326029650036048e-03
-4.219513435544364199e-01
-1.494905770351722341e+00
-2.655422518664078524e+00
8.602251565939953437e-01
-1.491029184911254690e+00
-1.850951552427081870e+00
6.418424843822068127e-02
-7.156452539196784812e-01
2.501503671445204802e+00
-2.686649980886558708e+00
-7.347617375307988752e-01
-1.367146241580385890e-02
4.760423587829292202e-01
1.845283395143194838e+00
2.355018281971352323e+00
-1.671181522677538389e-01
-2.407873451308795154e+00
1.364671284018784014e+00
-6.573371496983337892e-02
1.214709189619975760e+00
-8.559011033098311572e-01
-1.837420863582102770e+00
-9.749063515099711807e-01
2.790658893881041713e-01
2.753493235400384265e+00
2.495779760650792767e+00
1.240130604160248673e+00
2.194435083087631355e+00
-1.630903158234261685e+00
1.810109199984694328e+00
1.434780662019138120e+00
-1.831933178259966821e+00
-2.115926342052556919e+00
-7.962964516512007762e-01
-8.974868258944979083e-01
-2.335015207932898296e+00
-1.979824652031988208e+00
9.474691676411444163e-01
2.679140155356900088e+00
-1.467176657882003132e+00
-2.343544418657611761e+00
1.710434517663923515e+00
-6.705999286521624470e-02
6.721244562033668046e-01
2.389488898811078954e+00
-6.529907675733674921e-01
-2.350955068032393847e+00
-1.099913873296313183e+00
-2.878494932734355416e+00
5.593292884411225074e-01
5.070911934638386853e-01
1.145697302226274417e+00
1.021336283615102758e+00
-1.588554476085781930e+00
5.140220806434649958e-01
-1.817283689645145639e+00
9.268618872903706674e-01
8.910018402013539784e-01
-1.794211735586831891e+00
-2.859161041626212985e+00
1.676160251558213687e+00
-2.920950148168263816e+00
8.335393869302443193e-01
1.530416875766916540e+00
8.543040833176442916e-01
2.110329032783790026e+00
7.905573372386038855e-01
-1.179789484447314685e+00
-5.181735735093955242e-01
-1.992107167119582245e+00
1.846719346242083226e+00
