-2.218360152525981732e+00
-2.939842741484037791e+00
-2.587640670900456907e+00
-2.275788933976914397e+00
-2.383898740172285535e+00
-4.693870021340155185e-01
-2.199290567891844184e+00
-1.282657496798978558e+00
-1.279203829004247117e+00
-2.713012112213686766e+00
-2.485205275621962251e+00
-2.595727818934622899e+00
-3.025220418301350911e+00
-4.695732759797724976e-01
-7.921383106056698598e-01
-1.908146276375481509e+00
-2.583357712873087575e+00
-7.946374634587446417e-01
-1.516386054640884717e+00
-2.382290546541898202e+00
-2.006042804141756619e+00
-1.859517569836406148e+00
-7.658842625828857775e-01
-1.870109547495123037e+00
-1.675541099500172049e+00
-3.158387547813874985e+00
-2.429522732488180292e+00
-3.110587106441892402e+00
-2.870814042253079013e+00
-6.644062950311819815e-01
-7.265109732447240232e-01
-1.294254608854359834e+00
-1.346807617904404397e+00
-2.045802194410279995e+00
-6.658844356213993176e-01
-2.303152886817374956e+00
-1.217734929536602451e+00
-1.627764534763779913e+00
-1.617039137768907064e+00
-2.876908139502840189e+00
-1.563508395125591699e+00
-9.210989139666934111e-01
-1.168372217241749667e+00
-2.139939501359992668e+00
-6.617594425377797407e-01
-1.086899487489650928e+00
-1.403505751820304681e+00
-3.173937691383173387e+00
-9.462960956223653852e-01
-2.244866322814593307e+00
-2.534414913934148750e+00
-1.688996208046451120e+00
-2.090774570380222741e+00
-2.928590442067382060e+00
-1.118232745146470419e+00
-2.920027764547278970e+00
-2.927002483685942735e+00
-1.582463411322613256e+00
-2.033088128987169174e+00
-3.292161487039398260e+00
-3.034895407421808855e+00
-3.078524844004352445e+00
-1.951855435134199901e+00
-1.849197298787205401e+00
-5.159797850228292626e-01
-1.743312323968390976e+00
-2.003056161376649325e+00
-6.758066749574380694e-01
-6.602151802490048293e-01
-2.616029372081126514e+00
-1.652851683911006342e+00
-6.796858025367434886e-01
-2.936089279100076332e+00
-1.270464216083416087e+00
-1.222701951769054940e+00
-8.498511631629264151e-01
-9.239096159576734024e-01
-2.046874420573734810e+00
-3.380539864793168370e+00
-3.574197199138986480e+00
-3.446745330562868581e+00
-1.674190096867325783e+00
-2.380623627142238075e+00
-3.129804744359390600e+00
-7.242769460509566049e-01
-1.011358253697486553e+00
-1.378774353156311694e+00
-9.197784448996318973e-01
-2.269546928765598270e+00
-1.268481976265585010e+00
-1.942320420368529144e+00
-1.741770517637746485e+00
-2.462118788248389922e+00
-1.739515481588496559e+00
-2.198768736928791157e+00
-1.989257259569610969e+00
-2.078360160417128899e+00
-1.942808534776831353e+00
-7.575102846303509718e-01
-2.783350886008426617e+00
-9.710235036370385986e-01
-2.524723382341262923e-01
-2.191915466306797733e-01
-4.839976033334636440e-02
-9.334214181125809473e-01
4.471894721665765904e-02
1.134346921143423836e+00
-5.426101866534767115e-01
-6.422492520498129798e-01
9.121960372937387707e-01
3.977586017819683128e-01
2.587619861276963529e-01
-2.159406040483437539e-01
1.889614210460922594e-01
-3.982278347841666094e-02
-8.429007637553227461e-01
-3.841270063387225431e-01
7.820467999253560842e-01
-6.852531078648769203e-01
7.605300849796766682e-01
2.837725587979761377e-01
-8.997515274377587691e-01
-3.112745099973207030e-01
-1.047006166502106206e+00
-8.030936770989313134e-01
-6.240106724056970755e-01
-4.808348839660895324e-01
6.995518705297204543e-01
7.338138554156476978e-01
-4.802146117929237956e-01
-1.551470899044545548e-01
-1.235541627183486257e-01
6.077117667871357876e-01
-4.067961331543060721e-01
-5.079436231849681072e-01
-2.413001570392437345e-01
7.786609187558681811e-01
1.981919184662088440e-01
-7.918038922435315097e-02
-1.999130616423381301e-01
-2.675662276350988522e-01
-3.627130796178148486e-01
-6.787427542302160166e-03
1.456899088102484308e-01
5.680845166904660015e-01
-9.832947875249947733e-01
4.795514682799114636e-01
4.970676537460907984e-01
-4.176930234917404783e-01
9.879441903614227805e-01
2.616327232465537889e-01
7.817264433322822503e-01
-4.296080563892560322e-01
-8.385574179898307445e-01
4.841238801455676755e-01
9.469591902318175158e-01
-1.023064641898696836e+00
7.596046975221466546e-01
3.482133327206740625e-01
8.195180483083481793e-01
-4.848662314435017717e-01
-5.577038399861273810e-01
-5.167081746942365772e-01
-5.759711873832460416e-01
-3.794700816815706895e-03
-6.353404439547341020e-01
4.512792617874226697e-01
-8.382079570449370021e-01
-1.330024372451976966e-01
1.182094669420890587e-01
-5.365417108030187121e-01
-1.010592634071535989e-02
-1.088794922577163843e-01
6.197171686978060201e-01
-8.615539814264217000e-01
4.637110035839735467e-01
-4.588817973454030197e-01
2.964068914164988411e-01
3.050190889346369172e-01
-7.939862235275685354e-01
3.966280975309013912e-01
-5.033875779233348835e-01
1.329240481131384044e-01
5.029810379227245276e-01
-7.870083505075786690e-01
-3.902317915494338818e-01
-7.479398190358517162e-01
-9.132915596090286359e-01
7.495967258505956687e-01
9.092158322451758812e-01
-6.385610827334128325e-01
-6.359075549039119313e-01
-8.060882822397279490e-01
-7.870775755875309976e-01
5.982830184788029415e-01
-5.100828003626672880e-01
-2.185972255553520205e-01
-6.918822235819434008e-01
-4.790057850501682202e-01
1.018837064878877818e+00
2.274736822900642608e+00
2.293913891474151256e+00
1.660193182491202402e+00
2.082677223031566438e+00
1.572663360605443206e+00
1.812493793595649549e+00
1.695333391482879648e+00
2.169820574346795983e+00
1.864043803985123926e+00
1.858000214808838590e+00
2.153285237167830157e+00
1.597404143157612255e+00
1.847211218694013946e+00
1.644129134388494728e+00
1.570156760589769496e+00
2.138404401838531754e+00
1.984150222612036218e+00
1.868663549139401914e+00
1.871841503634743553e+00
1.824215767339135486e+00
1.793104964521738509e+00
2.255886030642352935e+00
2.181805283923381911e+00
2.267125834868181311e+00
2.088177317060118998e+00
1.842232883515802611e+00
1.829088486359401244e+00
1.932311113953724568e+00
1.946331384463954928e+00
1.950594924826870580e+00
1.842257878665471971e+00
1.713930943981636368e+00
2.019700787776619766e+00
1.879619178209449570e+00
1.811082234280723569e+00
2.025155430446665683e+00
1.887891063934222347e+00
2.362925488380241745e+00
1.601233769871509560e+00
1.807277160629452872e+00
2.046868351718073686e+00
1.905694630460575079e+00
2.325807906536191183e+00
2.396124925607226341e+00
2.156525293913389429e+00
1.745606116279981634e+00
2.206288603306015617e+00
1.989462488988773092e+00
2.164962645113723827e+00
1.841191171189203724e+00
1.868712742876565303e+00
2.039229345948293748e+00
1.987981106585180680e+00
2.375865522308171496e+00
2.263225367945629340e+00
2.018958163734208444e+00
2.182019299170934623e+00
1.644310339149988476e+00
2.293451558236463850e+00
2.093835692269728099e+00
1.770814014052028540e+00
1.774327896910081304e+00
1.905956066123983828e+00
1.834107349548791399e+00
1.661099379158804235e+00
1.797061955274364520e+00
2.234600776540430100e+00
2.399548659852717147e+00
1.747162425473710368e+00
1.615229563013109271e+00
2.315576863352069914e+00
1.863330522409531342e+00
2.058240810697685497e+00
2.256366521617310994e+00
1.998310950893422255e+00
1.770489387869428555e+00
1.658187307980318881e+00
1.707189422277266333e+00
2.179441093291163423e+00
2.178601029350424767e+00
2.267775768546901549e+00
1.996194828845557323e+00
1.877556941518952360e+00
2.063761976834601164e+00
2.060060514878759630e+00
1.998550315318080361e+00
2.113103441265367088e+00
1.812883441466333956e+00
1.708129238265823080e+00
2.215262727128854081e+00
1.587362302855837237e+00
2.029228747851812731e+00
2.043703688524310724e+00
2.200862790488160137e+00
2.212659862552966317e+00
2.181630490291258884e+00
1.887399839942841995e+00
2.037764070640609937e+00
1.774409364332391936e+00
2.198960758776375979e+00
