-2.159341784791424246e-02
-1.087667582202655137e+00
-9.781043049711546367e-01
-4.146803611088922814e-01
-4.907396092355038597e-01
1.986296920618597195e+00
-3.672111986672117467e-01
1.087575979358854195e+00
1.042146752035537194e+00
-7.599626052586718750e-01
-6.138351817492107010e-01
-5.929407300137503611e-01
-1.418132574015380065e+00
1.890658738869801070e+00
1.636713751969960384e+00
2.398284148885001521e-01
-7.456370140131816093e-01
1.552800150095552834e+00
6.982922632890558035e-01
-4.356502094457535001e-01
2.873649565190605770e-02
9.641401065645593960e-02
1.712003711266209649e+00
2.854922761557063815e-01
6.733502751067201864e-01
-1.790965235573962921e+00
-6.917707837479416533e-01
-1.774393443314026264e+00
-1.280689223744850391e+00
1.703732690004170269e+00
1.752060891769567696e+00
8.563708297363747945e-01
9.307504356260665190e-01
-1.530092949422714454e-01
1.725317070423792565e+00
-3.743190266367699692e-01
7.328230821093804082e-01
5.996634723562488389e-01
3.950607146511284640e-01
-1.111842431681296706e+00
7.294286765455151311e-01
1.512225210409384513e+00
1.186869053124273599e+00
-2.719910088076762378e-01
1.671512876633559408e+00
1.127334710907023752e+00
9.030011133970869963e-01
-1.500581226041628913e+00
1.665233797411645345e+00
-4.491560250788153574e-01
-4.101409089459433499e-01
2.334628294450284969e-01
-6.430754203743105357e-02
-4.893221713108732995e-01
6.779917774083559223e-01
-6.427615952806431388e-01
-5.457716586062177910e-01
3.197528920686130149e-01
-4.176750991409416969e-02
-8.531053153245942156e-01
-7.220798574607742992e-01
-7.753856327230974621e-01
-4.443006916324088174e-02
8.059245854084373661e-02
9.161420982071297736e-01
1.675846228469251020e-01
5.332818216981660697e-02
8.445253776893095754e-01
8.385140328954980848e-01
-4.959822704836156504e-01
