9.327093366589490619e-01
1.155231579392143326e-01
2.947361254226114613e-01
6.126874954165526521e-01
6.266950346922588455e-01
6.612271737075516020e-02
7.437113825441513670e-01
7.325986062007843191e-01
6.938868949023713206e-01
3.989086639288483838e-01
5.753945023824699190e-01
5.956359827123152151e-01
-1.456142186405127714e-01
1.003108780597276317e-01
4.472778305839405499e-01
9.331740079225472329e-01
6.454719690711129276e-01
4.878547024659384834e-01
1.027369705000703570e+00
5.332793186484363623e-01
1.065154288873850996e+00
7.252474063171910901e-01
2.244661742280086303e-01
6.153747774662962078e-01
9.346736617871741482e-01
-5.221197428931725337e-01
4.813759620390153371e-01
-6.067537812966660171e-01
-1.168948049105456299e-01
-2.146859102581813450e-02
2.021505363900091279e-01
8.124773463116321537e-01
9.201317754190139198e-01
1.028096510713646605e+00
3.667596940118925675e-01
6.043323481493594329e-01
8.462040980570039173e-01
9.744508096135010566e-01
1.086348121200830352e+00
3.448986478639611691e-02
9.105628444181562697e-01
4.210113623852449471e-01
6.423808337693490689e-01
7.883047635101305683e-01
2.499508679421713342e-01
7.076265514402111378e-01
8.423560694658457360e-01
-2.664124131009324437e-01
1.968299405422506698e-01
4.377844660040733360e-01
-1.053053730077958550e+00
-9.157654399958260472e-01
-1.016478604639948546e+00
-1.128410172653475207e+00
-9.799828516405065804e-01
-9.151490920559992581e-01
-1.170984543120605403e+00
-1.158366907042849059e+00
-1.110048974775180275e+00
-1.115725754088402244e+00
-8.191955139483838577e-01
-1.111117861107477456e+00
-9.129584652103331921e-01
-9.251027168037369020e-01
-9.290467432150751881e-01
-9.683850572879990626e-01
-1.077821424516467230e+00
-1.053596159258073595e+00
-1.117383222097460660e+00
-1.093479620399433472e+00
